3.971999999999994
4.013999999999984
4.094000000000003
2.3550000000000018
4.226999999999964
3.207000000000002
3.6619999999999977
4.413999999999955
3.859999999999987
4.941999999999962
4.271999999999974
3.146999999999991
3.9719999999999813
3.764999999999992
3.683000000000003
4.641999999999962
3.8959999999999813
3.5279999999999845
4.820999999999964
3.5999999999999845
3.495999999999988
4.306999999999974
3.974999999999977
4.074999999999996
4.245000000000003
3.8340000000000027
4.802999999999965
4.377999999999992
4.961999999999974
4.012999999999992
4.413999999999973
3.542000000000003
3.3459999999999845
4.043999999999991
3.410999999999991
4.515999999999967
3.213999999999981
3.2339999999999836
4.147999999999985
3.3010000000000024
4.115999999999976
3.792999999999984
4.569999999999978
4.48399999999998
3.418000000000003
5.238999999999962
3.0210000000000026
4.031999999999979
2.892000000000002
3.2760000000000025
2.8079999999999914
4.312999999999982
3.7739999999999814
3.7179999999999835
3.375000000000002
3.6100000000000025
3.8940000000000032
4.155999999999992
4.076999999999985
3.523000000000003
4.724999999999967
4.149999999999996
4.5909999999999735
4.276999999999985
4.217999999999972
4.099000000000003
4.551999999999971
4.398999999999985
3.647999999999979
3.025999999999997
5.199999999999955
5.075999999999981
3.916000000000003
4.526999999999969
4.372999999999963
4.306999999999985
3.0090000000000026
4.255999999999981
4.558999999999978
4.007999999999996
3.316000000000002
4.4589999999999925
4.0419999999999785
4.514999999999971
4.842999999999992
5.036999999999956
4.467999999999978
3.832999999999981
3.656000000000003
3.773000000000003
3.7300000000000026
3.8559999999999994
3.1520000000000024
3.3179999999999916
4.114999999999989
4.360999999999982
2.969000000000002
4.139999999999979
4.103000000000002
3.704000000000003
3.6269999999999922
4.5049999999999875
4.848999999999965
3.676000000000003
4.233999999999998
4.302999999999986
2.7580000000000022
3.835999999999984
3.1829999999999794
3.2620000000000022
3.4509999999999876
3.9849999999999994
5.010999999999976
3.543999999999992
3.7039999999999775
2.6010000000000018
3.4160000000000026
3.0450000000000026
3.5999999999999845
3.010000000000002
3.814000000000003
4.141999999999962
4.2449999999999815
3.527999999999992
4.324999999999972
4.814999999999963
3.2139999999999986
3.4489999999999954
3.1680000000000024
3.526999999999981
3.1400000000000023
5.055999999999962
3.519000000000003
3.8359999999999794
3.312000000000003
4.567999999999988
4.7339999999999725
4.783999999999991
3.0590000000000024
3.810000000000003
4.514999999999992
2.809000000000002
3.912999999999996
3.654999999999977
3.369999999999995
4.269999999999979
3.6809999999999925
4.434999999999992
3.2960000000000025
3.4639999999999924
3.684000000000003
4.2199999999999855
2.813000000000002
4.290999999999978
5.038999999999978
4.1289999999999925
4.36199999999998
3.887999999999985
4.121999999999985
4.572999999999972
3.3150000000000026
4.33399999999998
5.1009999999999796
4.170999999999973
3.5229999999999957
4.357999999999979
4.382999999999979
4.268999999999973
3.5239999999999903
3.925999999999978
3.5559999999999907
4.385999999999991
4.1539999999999715
3.833000000000003
3.9039999999999977
3.5610000000000026
4.574999999999969
3.899000000000003
3.6839999999999975
5.200999999999961
3.1040000000000023
4.101999999999974
3.1439999999999904
3.9089999999999923
4.48499999999996
2.863000000000002
4.4879999999999605
4.297999999999973
4.545999999999974
2.872000000000002
4.433999999999976
4.3979999999999855
4.504999999999976
4.278999999999989
4.439999999999996
3.057000000000002
3.7469999999999843
4.013000000000003
3.979999999999996
4.908999999999962
4.446999999999978
4.201999999999987
3.215000000000002
4.002999999999984
4.21299999999998
3.687999999999984
3.5399999999999956
3.5989999999999887
3.8009999999999775
3.8659999999999926
3.6619999999999924
4.804999999999995
4.8749999999999805
3.3229999999999955
3.999000000000003
3.937000000000003
3.410999999999996
3.8779999999999792
3.4249999999999954
3.3790000000000027
4.103999999999994
2.9189999999999907
3.627000000000003
3.814999999999985
3.511000000000003
3.067999999999995
3.2700000000000027
4.514999999999979
3.976000000000003
4.187999999999991
4.548999999999979
3.966999999999999
3.7130000000000027
4.832999999999966
4.495999999999961
3.296999999999999
4.57999999999997
4.253999999999977
4.0660000000000025
3.6950000000000025
3.0480000000000023
4.397999999999993
3.5969999999999924
4.446999999999967
3.726999999999979
3.738000000000003
4.251999999999993
4.260999999999978
3.9150000000000027
4.500999999999973
3.930999999999979
2.527000000000002
3.9070000000000027
4.026999999999991
3.8119999999999794
4.828999999999958
4.077999999999992
3.640000000000003
4.352999999999975
4.657999999999973
3.7240000000000024
4.081999999999991
4.739999999999963
3.361000000000002
4.606999999999969
3.372999999999992
4.059999999999998
2.985000000000002
4.274999999999984
5.58499999999995
5.049999999999968
3.831999999999979
5.093999999999969
3.6619999999999986
4.499999999999964
4.4179999999999815
4.044000000000003
3.9749999999999797
4.102999999999984
3.900999999999985
3.2659999999999907
2.2910000000000017
3.1310000000000024
4.321999999999991
4.30899999999998
3.4890000000000025
3.990000000000003
4.702999999999973
4.271999999999959
3.7329999999999908
4.440999999999987
3.2890000000000024
4.137999999999998
5.139999999999969
4.788999999999989
3.406999999999991
3.192999999999997
4.203999999999998
2.831000000000002
4.00799999999998
4.555999999999967
4.080999999999962
4.065999999999976
4.248999999999988
4.154999999999978
3.9569999999999923
3.589999999999979
4.192999999999992
4.1379999999999795
4.449999999999984
3.473999999999977
4.359999999999985
3.3140000000000023
3.6149999999999847
4.431999999999985
4.101999999999992
3.3950000000000027
4.406000000000003
4.332999999999992
4.611999999999985
4.173999999999978
3.943999999999969
3.4050000000000025
4.048999999999992
3.6039999999999845
2.968000000000002
4.619999999999969
3.5180000000000025
3.6330000000000027
4.34499999999998
3.7939999999999836
4.199999999999962
3.7149999999999848
3.967999999999999
3.9119999999999915
4.400999999999967
3.934999999999998
4.191999999999981
3.8279999999999794
3.0909999999999984
2.873000000000002
4.666999999999978
4.828999999999992
4.290999999999977
3.354999999999992
4.311999999999999
4.150999999999989
4.3589999999999725
3.4160000000000026
4.481999999999968
3.6779999999999955
3.4969999999999843
3.3180000000000027
3.393000000000003
4.853999999999985
3.5790000000000024
4.148999999999984
4.54299999999998
4.088999999999998
3.968
4.909999999999976
3.5959999999999956
3.931999999999999
3.095000000000002
4.1539999999999875
4.797999999999978
3.1750000000000025
4.161999999999998
2.851999999999998
3.497999999999996
4.51099999999998
4.163999999999974
3.864000000000003
4.726999999999985
4.104999999999996
2.8799999999999915
2.9750000000000023
3.5540000000000025
4.72399999999997
3.8809999999999976
4.89099999999996
3.712999999999984
2.2800000000000016
3.308999999999991
4.437999999999964
4.12499999999998
4.51199999999998
4.059999999999992
4.050999999999985
3.4679999999999866
3.1230000000000024
3.713999999999991
4.193999999999978
3.8639999999999612
3.6379999999999955
3.9520000000000026
3.0239999999999916
3.0120000000000027
3.811999999999999
5.110999999999973
3.1299999999999986
4.070999999999996
3.546999999999979
4.073999999999978
4.754999999999968
3.2860000000000023
3.6700000000000026
3.408000000000002
3.8829999999999814
2.378000000000002
3.7249999999999837
3.8099999999999916
3.627000000000003
3.3140000000000023
3.746999999999979
2.6010000000000018
4.851999999999978
4.662999999999976
3.0790000000000024
4.0599999999999925
3.4710000000000027
4.234999999999979
4.434999999999971
2.8090000000000024
2.8689999999999904
4.068999999999978
4.307999999999975
4.03599999999998
3.3349999999999906
3.3790000000000022
5.1359999999999735
4.462999999999969
4.420999999999985
3.4719999999999804
4.3279999999999665
3.300000000000002
2.5810000000000017
4.206999999999995
4.443999999999978
3.774999999999969
3.679999999999981
4.335999999999982
4.029999999999973
2.699000000000002
3.701999999999991
3.3990000000000027
4.510999999999978
2.916000000000002
4.296999999999993
5.020999999999966
4.141999999999992
4.40799999999996
3.5000000000000027
3.7580000000000027
3.834999999999979
3.666999999999999
3.622999999999979
3.2630000000000026
5.111999999999968
4.066999999999979
3.549000000000003
4.900999999999973
4.534999999999975
4.20499999999998
4.7539999999999925
3.939000000000003
5.008999999999961
3.518999999999999
3.555999999999996
3.454000000000003
3.1290000000000022
3.9749999999999917
4.046000000000003
4.905999999999951
4.1699999999999795
3.708000000000003
2.900000000000002
3.914999999999992
4.062000000000003
3.594999999999992
3.254999999999999
2.835000000000002
3.3739999999999903
3.4499999999999917
3.5970000000000026
3.6479999999999855
3.952
3.741999999999992
4.513999999999968
4.437999999999985
3.795999999999991
2.9050000000000025
3.603999999999985
4.098999999999972
4.470999999999981
2.551000000000002
3.898999999999992
2.8130000000000024
3.559000000000003
4.616999999999993
4.229999999999979
4.071999999999981
3.0869999999999918
3.816999999999999
4.168999999999981
3.8599999999999843
3.831999999999999
3.4580000000000024
4.220999999999972
5.219999999999969
4.316999999999979
4.613999999999992
4.280999999999967
5.026999999999962
2.6130000000000018
3.462000000000003
2.8700000000000023
4.2249999999999845
3.6360000000000023
4.56699999999998
2.922000000000002
3.7489999999999917
3.3970000000000025
3.915999999999981
4.7069999999999625
4.395999999999962
4.731999999999968
3.329000000000003
4.62599999999996
4.58099999999998
3.825999999999968
2.873000000000002
3.8449999999999918
4.571999999999993
3.3290000000000024
3.375999999999979
3.354999999999992
3.3499999999999908
5.32299999999997
3.3379999999999987
4.4489999999999705
2.909000000000002
4.34399999999998
3.2580000000000027
4.193999999999985
2.913000000000002
4.8529999999999625
3.7929999999999793
4.299999999999979
3.8660000000000028
3.4019999999999984
4.412999999999998
4.314999999999977
3.2320000000000024
4.97099999999996
3.566000000000003
4.297999999999978
4.840999999999967
4.274999999999982
3.1770000000000023
3.964999999999979
3.1950000000000025
3.581999999999979
4.46699999999998
3.807999999999987
4.335999999999979
4.248999999999979
3.3380000000000027
2.98499999999999
3.2770000000000024
4.817999999999969
3.833999999999991
4.0829999999999815
3.191999999999997
3.741999999999978
3.1680000000000024
4.203999999999992
4.571999999999998
3.643999999999992
5.30199999999994
3.842999999999985
2.5160000000000022
4.673999999999969
3.5069999999999806
4.267999999999982
4.532999999999982
4.176999999999991
4.274999999999974
3.645999999999996
4.519999999999969
4.860999999999979
4.223999999999992
4.027000000000003
4.135999999999976
3.9499999999999917
4.232999999999981
3.740999999999998
4.781999999999963
5.69599999999995
3.523000000000003
3.650000000000003
3.842999999999985
3.2249999999999908
4.344999999999985
3.9169999999999914
4.162999999999984
4.3639999999999795
4.570999999999973
3.4959999999999907
4.227999999999993
2.1460000000000017
3.0910000000000024
3.8489999999999918
4.34299999999998
4.828999999999963
4.443999999999989
3.989999999999992
4.7329999999999615
2.9760000000000026
3.5599999999999925
4.798999999999962
3.6420000000000026
3.9829999999999917
4.383999999999972
3.6109999999999975
4.15699999999998
4.008999999999989
4.328999999999976
3.1150000000000024
2.7100000000000017
4.639999999999969
4.222999999999985
4.707999999999973
3.907000000000003
4.856999999999974
4.628999999999968
4.430999999999978
4.326999999999993
3.7420000000000027
5.3479999999999634
3.8219999999999814
3.3260000000000023
4.020999999999993
3.779999999999981
4.51199999999998
3.934999999999967
4.6619999999999555
4.697999999999969
4.982999999999957
3.706000000000003
4.875999999999983
3.719000000000003
3.6419999999999693
3.9679999999999875
3.938999999999996
3.703999999999999
3.499000000000003
3.253999999999995
4.007999999999993
4.4359999999999715
2.738000000000002
5.162999999999968
2.4380000000000015
3.4479999999999906
2.9430000000000023
5.221999999999964
3.4590000000000027
3.2880000000000025
4.38799999999998
3.6539999999999884
3.571999999999996
4.569999999999973
3.8180000000000027
4.214999999999992
2.8499999999999903
4.65299999999998
4.340999999999959
3.3139999999999845
3.704999999999991
4.696000000000003
4.245000000000004
4.109999999999999
3.433999999999999
3.0090000000000026
4.802999999999968
4.8519999999999675
4.072999999999992
3.9299999999999753
3.6489999999999836
3.2920000000000025
4.369999999999967
3.3940000000000023
2.912000000000002
5.090999999999952
3.5210000000000026
3.558000000000003
4.660999999999978
4.172999999999995
2.917000000000002
5.2889999999999695
4.48699999999998
4.280999999999979
3.5009999999999972
4.351999999999978
3.4810000000000025
4.114999999999979
3.7009999999999987
3.3619999999999917
3.2980000000000023
3.4230000000000027
4.358999999999975
3.9199999999999977
2.5530000000000017
3.663999999999992
4.416999999999977
5.530999999999955
4.504999999999967
3.8659999999999792
3.4330000000000025
4.29299999999998
3.836000000000003
5.085999999999964
4.613999999999969
3.075000000000002
3.2540000000000022
3.0080000000000022
3.1759999999999806
3.2410000000000023
3.1800000000000024
3.0519999999999907
3.5999999999999956
3.446000000000003
2.976000000000002
4.787999999999968
4.12499999999998
4.544999999999962
4.515999999999978
3.875999999999991
3.7799999999999963
4.464999999999979
3.776000000000003
4.081999999999979
3.531999999999981
3.8049999999999793
3.1490000000000027
3.1480000000000024
3.8100000000000027
4.004
4.432999999999992
2.997000000000002
3.7639999999999922
4.765999999999973
3.5939999999999914
3.0140000000000025
3.3749999999999787
3.9279999999999777
3.3320000000000025
2.8700000000000023
4.257999999999963
4.040999999999984
3.5179999999999922
3.529999999999984
2.656000000000002
4.870999999999968
4.59399999999998
4.670999999999976
3.348000000000002
4.132999999999997
4.048999999999977
3.905000000000003
3.793999999999992
3.4140000000000024
3.8699999999999792
3.370999999999999
4.227999999999994
3.8529999999999913
4.720999999999964
3.9359999999999604
2.8740000000000023
3.2619999999999916
4.609999999999973
4.208000000000003
3.1999999999999953
3.942999999999991
3.750000000000003
4.745999999999961
4.123999999999992
5.161999999999959
4.684999999999969
2.811000000000002
3.764999999999981
3.9649999999999794
3.3949999999999863
3.5300000000000025
3.761000000000003
4.150999999999961
3.3820000000000023
2.901000000000002
3.704999999999985
4.234999999999984
2.744000000000002
2.725000000000002
3.8620000000000028
3.7579999999999925
3.553000000000003
3.8279999999999923
3.722999999999992
3.3669999999999956
4.320999999999989
3.655999999999992
2.780000000000002
4.419999999999992
4.034999999999992
3.954999999999984
3.6759999999999837
3.4170000000000025
4.722999999999979
4.755999999999978
3.0870000000000024
3.4170000000000025
3.6399999999999904
4.804999999999968
3.0990000000000024
4.389999999999993
4.84299999999998
4.341999999999979
3.607999999999985
4.49699999999997
4.54399999999997
4.322999999999978
4.7559999999999745
3.537000000000003
4.401999999999978
3.472999999999996
4.681999999999964
3.4579999999999957
3.1800000000000024
3.314999999999984
4.163999999999976
4.44899999999995
4.6719999999999615
3.772000000000003
3.841999999999979
4.044999999999984
4.25299999999998
3.408999999999996
4.505999999999978
4.223999999999994
4.174999999999979
3.3430000000000026
5.274999999999961
5.137999999999968
3.488999999999981
3.623000000000003
3.517999999999977
3.674999999999984
5.319999999999968
3.4409999999999914
3.9820000000000033
4.123999999999964
3.872999999999971
3.9969999999999963
3.3420000000000027
3.938999999999979
3.748000000000003
4.77499999999998
3.2920000000000025
3.5100000000000025
4.10399999999998
4.209999999999978
4.470999999999975
4.072999999999967
3.7049999999999845
3.6370000000000027
3.5119999999999973
3.7539999999999814
3.776000000000003
3.6629999999999905
3.6299999999999777
4.5849999999999795
4.167999999999972
4.469999999999967
3.7740000000000027
3.9429999999999774
4.551999999999978
3.932000000000003
4.220999999999963
4.798999999999977
4.8349999999999556
4.433999999999976
4.258999999999974
3.2310000000000025
3.8779999999999792
5.3979999999999695
2.727000000000002
4.064999999999968
3.931
3.933000000000003
4.034999999999979
3.2370000000000023
4.37999999999998
3.8929999999999794
4.167999999999979
3.8899999999999917
4.717999999999963
3.7620000000000027
3.451999999999992
4.726999999999961
3.1100000000000025
4.560999999999973
4.597999999999962
4.71399999999998
3.8729999999999927
4.273999999999981
3.812999999999984
4.170999999999992
3.4910000000000028
4.182000000000003
3.728000000000003
3.4190000000000027
3.568999999999996
3.1220000000000026
3.13599999999998
3.8309999999999995
3.974999999999966
3.105000000000002
4.374999999999969
4.285999999999998
3.941000000000003
4.306999999999968
3.9579999999999993
3.3059999999999836
4.340999999999973
4.193999999999985
4.549999999999978
3.7450000000000028
4.046999999999989
4.715999999999973
3.715999999999991
3.005000000000002
3.7189999999999808
3.3830000000000027
3.9019999999999704
3.6549999999999923
4.563999999999976
3.133999999999995
2.9420000000000024
3.9919999999999707
3.3329999999999917
4.430999999999993
3.520999999999979
4.364999999999971
3.2210000000000023
3.797000000000003
3.1330000000000027
3.848999999999969
4.1510000000000025
3.657999999999992
2.3750000000000018
3.9719999999999622
4.290999999999996
3.0140000000000025
4.65299999999998
3.966000000000003
3.506000000000003
4.845999999999967
4.955999999999966
3.3720000000000026
3.6659999999999995
3.7879999999999994
3.914999999999992
2.8210000000000024
4.42099999999996
4.235999999999981
4.57999999999998
3.821000000000003
4.703999999999973
4.82399999999998
4.4679999999999795
3.9929999999999843
4.282999999999972
3.081000000000002
5.174999999999969
4.76299999999998
4.017000000000003
2.2730000000000015
4.417999999999978
4.652999999999978
3.2740000000000022
4.393999999999964
3.5269999999999975
3.575000000000003
4.365000000000004
5.076999999999973
5.023999999999963
3.2810000000000024
3.611999999999992
3.885000000000003
4.7769999999999735
4.173000000000003
3.5450000000000026
3.1180000000000025
4.450999999999985
3.985999999999976
3.9339999999999913
4.3269999999999715
4.469999999999987
4.198999999999986
4.367999999999992
3.2120000000000024
4.101999999999997
3.7479999999999962
4.196999999999978
4.847999999999976
3.858000000000003
3.540999999999991
3.571000000000003
3.759999999999991
2.8540000000000023
4.055999999999972
2.818000000000002
3.3669999999999987
4.0049999999999795
4.339999999999984
3.142000000000002
4.7999999999999705
4.789999999999969
3.4189999999999916
3.7809999999999993
4.265999999999975
2.9620000000000024
4.259999999999979
3.6160000000000028
3.484999999999979
3.1680000000000024
3.9049999999999994
4.747999999999968
3.5569999999999955
3.6589999999999905
4.44299999999998
4.83899999999998
4.153999999999976
3.7290000000000028
3.7619999999999867
4.001999999999998
3.672000000000003
4.259999999999985
4.034999999999988
3.722000000000003
3.740999999999996
4.085999999999999
3.360000000000003
3.1670000000000025
4.030999999999975
3.351000000000002
4.485999999999961
4.456999999999993
4.054999999999974
4.5119999999999925
3.235000000000002
3.9689999999999817
4.747999999999956
4.831999999999969
4.257999999999962
2.711000000000002
3.2689999999999957
3.6059999999999977
3.2489999999999952
3.5729999999999955
3.663000000000003
5.126999999999963
4.080999999999969
3.9429999999999774
2.9420000000000024
4.42699999999998
4.154999999999984
4.497999999999964
3.989000000000003
4.308999999999992
4.052999999999997
5.043999999999961
2.983000000000002
4.113999999999978
3.668999999999998
3.8949999999999925
4.07199999999998
4.487999999999979
4.013999999999999
4.810999999999992
3.528999999999984
3.851999999999984
3.5170000000000026
3.786999999999996
3.7370000000000028
4.279999999999992
3.4980000000000024
3.618999999999992
4.808999999999946
4.993999999999987
3.8740000000000028
3.0949999999999918
3.684999999999985
2.937000000000002
3.754999999999999
3.6469999999999976
4.319999999999978
4.683999999999977
4.436999999999979
3.821999999999978
4.810999999999977
4.242999999999992
3.453999999999991
3.4240000000000026
3.5749999999999957
4.212999999999992
3.1810000000000023
3.0640000000000023
3.855999999999999
4.664999999999974
3.5759999999999956
4.192999999999998
4.970999999999958
4.592999999999973
4.182999999999961
3.7559999999999913
3.5759999999999774
4.521999999999964
4.445999999999971
4.304999999999992
3.614999999999996
3.8399999999999843
3.821999999999999
4.170999999999974
4.3419999999999845
2.909000000000002
3.660999999999979
2.928000000000002
3.2660000000000022
4.441999999999991
4.669999999999962
3.82999999999998
3.3469999999999915
3.2870000000000026
4.004999999999991
3.7719999999999834
3.9779999999999793
3.6050000000000026
4.770999999999974
4.460999999999998
4.557999999999971
3.5440000000000023
3.4779999999999913
3.9639999999999773
4.010999999999984
3.910999999999989
3.0830000000000024
4.0849999999999795
4.183999999999967
4.611999999999981
4.053999999999992
2.6970000000000023
3.8449999999999847
3.0700000000000025
4.002000000000003
4.672999999999965
4.165999999999972
4.244999999999978
3.750999999999991
4.288000000000003
3.989999999999979
4.086999999999979
3.440999999999999
4.108999999999991
4.747999999999993
4.709999999999984
4.144999999999977
4.9549999999999645
4.020999999999993
3.5760000000000027
4.439999999999978
2.911999999999997
4.151999999999985
5.180999999999958
4.33899999999998
3.981999999999998
3.715000000000003
3.555000000000003
2.704000000000002
4.33299999999998
3.618000000000003
3.2750000000000026
4.584999999999968
4.389999999999963
4.196999999999963
3.9809999999999803
3.997000000000003
4.92299999999998
3.275999999999997
4.53999999999998
3.538999999999979
3.8989999999999996
4.186999999999998
3.4240000000000026
4.722999999999962
4.6739999999999675
5.26499999999996
3.856999999999977
2.0670000000000015
3.9079999999999795
4.670999999999968
4.024999999999987
4.323000000000003
3.8340000000000027
3.9959999999999978
4.003000000000003
2.403000000000002
3.3900000000000023
3.5939999999999848
3.702999999999996
4.823999999999968
3.8899999999999793
2.9970000000000026
3.512999999999999
3.9729999999999923
4.727999999999963
4.549999999999976
4.669999999999968
3.5549999999999837
3.7369999999999677
4.4179999999999735
5.32599999999997
3.1700000000000026
3.8319999999999914
4.059999999999996
4.930999999999969
4.085999999999979
3.169999999999992
3.1199999999999917
3.1979999999999906
3.875999999999999
3.0170000000000026
4.268999999999967
2.8159999999999905
3.6249999999999973
3.8659999999999917
3.820999999999985
4.149999999999968
4.686999999999967
3.4370000000000025
3.3270000000000026
3.8969999999999843
3.6720000000000024
4.01199999999998
3.4690000000000025
4.726999999999964
3.4429999999999907
4.900999999999975
4.090999999999989
4.298999999999968
2.9750000000000023
4.316999999999985
2.609999999999995
4.953999999999966
4.945999999999974
3.0600000000000023
3.5229999999999846
4.737999999999969
4.185999999999971
3.1269999999999984
4.496999999999973
3.570999999999968
3.5350000000000024
5.069999999999967
3.5209999999999955
3.8519999999999817
4.618999999999985
4.234999999999984
3.4300000000000024
4.5739999999999625
4.104999999999992
4.75999999999998
4.300999999999973
3.1339999999999915
4.041999999999993
4.125999999999996
3.876000000000003
4.272999999999985
3.907999999999979
3.4330000000000025
3.8759999999999772
4.8669999999999565
4.100999999999964
3.969999999999981
3.9559999999999844
4.61199999999998
3.9499999999999993
3.3690000000000024
3.896999999999979
3.692000000000003
3.870000000000003
4.497999999999976
4.17599999999998
3.326999999999995
4.30899999999998
4.101999999999996
3.0350000000000024
3.505999999999996
3.126000000000002
3.5520000000000027
3.7009999999999845
3.376000000000002
3.9849999999999772
4.6299999999999555
3.8859999999999792
4.092999999999968
4.235999999999969
2.963000000000002
3.7399999999999847
3.6359999999999837
3.3300000000000023
3.8639999999999786
4.795999999999967
3.4450000000000025
4.5709999999999695
4.78699999999998
4.535999999999962
3.329000000000003
4.142000000000003
4.025999999999968
3.5409999999999906
4.39699999999998
4.055999999999974
4.49399999999996
4.147999999999999
4.239999999999979
2.5850000000000017
3.4170000000000025
4.182999999999984
3.916999999999985
3.5839999999999956
4.6359999999999735
4.8339999999999765
2.860000000000002
3.8879999999999915
3.6500000000000026
4.353999999999978
4.160999999999991
3.609999999999981
4.654999999999962
4.816999999999954
4.442999999999977
4.034999999999997
4.455999999999974
4.052999999999978
4.200999999999966
4.555999999999973
3.4450000000000025
3.4489999999999905
4.476999999999963
3.2310000000000025
4.320999999999981
3.1440000000000023
4.368999999999972
4.5469999999999615
3.786000000000003
3.197999999999992
3.879999999999999
3.751999999999991
4.011999999999977
4.455999999999992
4.437000000000003
3.3970000000000025
4.112999999999992
3.9269999999999925
3.685999999999999
4.227999999999988
3.4019999999999846
4.081999999999981
5.0579999999999625
4.101999999999982
3.204999999999991
3.665000000000003
3.9039999999999813
3.58299999999997
3.922000000000003
3.3759999999999843
3.041000000000002
3.9839999999999662
3.4490000000000025
3.3520000000000025
4.156999999999981
3.3320000000000025
3.5039999999999845
3.0760000000000023
2.9940000000000024
4.054999999999985
4.58799999999998
4.686999999999991
5.202999999999959
4.188999999999992
4.170999999999968
4.370999999999979
3.933
4.79299999999998
4.100999999999991
3.0869999999999918
4.055999999999992
3.4220000000000024
3.4320000000000026
4.022999999999979
4.725999999999967
4.055999999999984
4.707999999999973
3.8889999999999922
4.6979999999999915
4.055000000000003
3.7149999999999777
3.829999999999992
2.813000000000002
3.363999999999996
4.776999999999985
3.7410000000000028
4.14499999999998
4.1689999999999845
3.625999999999991
3.1330000000000022
3.970999999999978
4.4239999999999595
4.672999999999978
3.1780000000000026
5.075999999999971
2.611000000000002
3.4509999999999974
4.08799999999998
2.820000000000002
4.014999999999991
4.912999999999971
4.4879999999999605
3.7279999999999793
3.7549999999999923
3.498999999999991
4.554999999999974
3.2450000000000028
4.0929999999999795
3.8969999999999914
4.5379999999999745
4.501999999999979
3.9759999999999978
3.7500000000000027
4.683999999999965
3.0260000000000025
3.4050000000000025
4.5359999999999925
3.2810000000000024
4.095999999999985
3.730999999999963
4.62299999999998
4.289999999999968
3.2919999999999807
4.211999999999976
3.360999999999979
3.3059999999999903
3.009999999999995
3.9489999999999927
3.6279999999999846
3.3570000000000024
5.370999999999962
4.502999999999968
3.440999999999992
2.9100000000000024
4.526999999999961
4.531999999999956
4.631999999999977
4.320000000000003
3.888999999999996
3.1350000000000025
4.320999999999979
3.8349999999999915
2.627000000000002
3.599999999999996
3.4140000000000024
3.8750000000000027
4.135999999999972
4.049999999999987
3.2360000000000024
3.5139999999999847
5.086999999999975
4.087999999999967
4.139999999999979
3.7119999999999904
4.3669999999999725
3.5579999999999905
4.1279999999999815
2.7890000000000024
4.652999999999974
3.1260000000000026
4.428999999999978
4.829999999999961
3.198000000000002
4.4279999999999875
5.701999999999949
4.354999999999972
3.054000000000002
4.152999999999978
4.2669999999999915
3.6780000000000026
3.556999999999985
2.9880000000000027
4.434000000000004
4.406999999999988
3.218000000000002
4.340999999999992
3.6369999999999676
3.5600000000000027
3.7639999999999842
4.122999999999973
3.924999999999973
3.6469999999999834
3.834999999999961
4.156999999999993
4.056999999999968
4.996999999999968
4.046999999999981
5.2319999999999585
3.2700000000000022
2.1810000000000014
4.347999999999984
4.384999999999968
4.267999999999984
3.627999999999996
4.37299999999998
4.606999999999978
3.860999999999996
3.8700000000000028
3.6940000000000026
2.637000000000002
3.4260000000000024
4.629999999999969
3.530000000000003
3.361999999999995
4.016000000000003
5.025999999999981
3.925000000000003
5.462999999999957
4.412999999999985
3.992999999999979
2.882000000000002
3.5529999999999813
4.308999999999995
4.345999999999981
3.607000000000003
4.706999999999979
3.404999999999992
3.1990000000000025
2.379000000000002
3.5320000000000027
3.630000000000003
4.539999999999973
3.8620000000000028
4.446999999999969
4.368999999999968
4.343999999999971
3.5410000000000026
4.257999999999992
4.681999999999978
3.817000000000003
4.534999999999992
3.665999999999999
4.560999999999968
4.154999999999969
3.7869999999999977
4.162999999999971
3.914000000000003
4.012999999999985
3.5519999999999916
3.699999999999991
3.2019999999999804
4.91999999999998
3.4490000000000025
4.017999999999966
3.114000000000002
5.500999999999951
3.4860000000000024
2.656000000000002
3.3390000000000026
5.294999999999968
3.7319999999999838
4.705999999999992
3.160000000000003
4.068999999999992
3.580999999999992
4.955999999999968
2.7180000000000017
3.785000000000003
4.267999999999972
4.845999999999954
2.979999999999991
4.360999999999979
3.5549999999999846
4.6779999999999715
4.633999999999968
4.659999999999966
4.23599999999998
3.6159999999999806
3.665000000000003
4.80999999999998
3.4050000000000025
4.002999999999992
3.536999999999999
3.4910000000000028
4.156999999999975
3.3490000000000024
3.6220000000000026
3.2540000000000027
4.371999999999985
4.037999999999996
5.0599999999999685
4.91299999999996
4.95699999999997
3.2630000000000026
3.818999999999992
3.564999999999992
3.907000000000003
3.6159999999999846
3.490000000000003
3.781999999999977
3.5809999999999844
1.8630000000000013
3.583999999999992
4.680999999999967
2.9070000000000022
3.2769999999999984
3.6229999999999842
3.6620000000000026
3.4179999999999917
3.2519999999999913
4.871999999999976
2.579000000000002
3.8029999999999924
3.587999999999991
4.332999999999961
3.2780000000000022
3.975999999999984
3.872000000000003
4.520999999999992
2.888000000000002
5.32499999999997
3.4999999999999845
3.8809999999999794
3.912000000000003
4.313999999999971
3.986999999999978
4.160999999999996
4.443999999999962
3.680999999999984
3.8289999999999926
3.5880000000000027
3.0440000000000023
4.88299999999996
4.051999999999982
4.018999999999984
4.211999999999977
4.369999999999992
3.5359999999999903
4.428999999999993
4.49599999999998
3.1880000000000024
3.6370000000000027
4.280999999999972
4.5689999999999875
4.961999999999969
4.420999999999978
4.0249999999999915
3.942999999999984
3.962999999999996
3.3739999999999988
4.447999999999985
3.630999999999984
3.846999999999996
3.2290000000000023
3.6879999999999846
3.690999999999984
4.815999999999979
3.1110000000000024
4.812999999999959
4.185999999999971
3.725999999999984
4.011999999999991
3.1529999999999987
3.849999999999991
3.713999999999992
4.887999999999974
3.9559999999999924
4.54599999999998
3.5289999999999955
3.2010000000000023
4.235999999999979
5.003999999999969
2.9660000000000024
2.434000000000002
4.354999999999978
4.794999999999956
3.504999999999991
3.2730000000000024
3.4500000000000024
4.357999999999989
3.4639999999999955
5.162999999999961
3.9119999999999977
3.9439999999999777
3.7019999999999924
3.655000000000003
4.246999999999967
2.856000000000002
2.2090000000000014
4.236999999999979
3.574999999999996
2.1379999999999906
3.005000000000002
5.223999999999963
4.122999999999991
4.208000000000003
4.259999999999979
4.196999999999987
2.852000000000002
3.8449999999999793
4.413999999999973
4.136999999999992
4.688999999999992
2.856000000000002
3.9560000000000026
3.627000000000003
3.9429999999999814
3.8579999999999774
4.288999999999971
4.221999999999998
3.520999999999979
2.932000000000002
4.029999999999982
4.302999999999991
3.625000000000002
4.337999999999978
3.9909999999999797
3.6829999999999905
3.8319999999999905
3.6799999999999846
3.081000000000002
3.9379999999999846
3.9459999999999624
3.860999999999985
3.830000000000003
4.176999999999976
4.159999999999992
2.928000000000002
4.594999999999972
5.4129999999999505
5.118999999999955
3.6040000000000023
3.6369999999999845
3.965999999999978
5.061999999999985
3.953999999999985
4.688999999999975
3.6119999999999917
4.202999999999999
3.4010000000000025
3.3699999999999846
3.0840000000000023
4.668999999999969
3.929000000000003
4.118999999999984
3.1280000000000023
3.9809999999999817
4.186999999999998
3.1670000000000025
3.654999999999994
4.253999999999977
3.2160000000000024
2.8220000000000023
4.167999999999992
3.277999999999992
4.238999999999967
3.3390000000000026
3.841999999999999
3.5200000000000027
4.187999999999972
5.086999999999974
4.281999999999991
3.4640000000000026
3.4430000000000027
5.150999999999959
4.84599999999996
4.383999999999981
3.686999999999979
4.239999999999989
3.467999999999991
2.704000000000002
3.649999999999991
3.097000000000002
3.970999999999984
2.595000000000002
3.168000000000003
4.13899999999998
4.101999999999996
4.699999999999973
3.5599999999999805
4.645999999999982
3.8429999999999964
4.48699999999998
4.129999999999985
3.8129999999999837
3.2940000000000027
4.461999999999993
3.8710000000000027
3.9499999999999926
3.3440000000000025
3.635999999999981
4.126999999999979
4.121000000000003
4.383999999999971
3.5389999999999957
4.424999999999973
4.217999999999978
4.42599999999998
3.644000000000003
3.4160000000000026
3.824999999999968
4.28099999999998
3.530000000000003
4.5049999999999795
3.876000000000003
4.589999999999971
3.831999999999992
3.0320000000000022
4.435999999999989
5.565999999999968
3.8209999999999793
4.3659999999999775
3.5900000000000025
4.552999999999974
3.734999999999999
3.869000000000003
3.3400000000000025
2.887000000000002
4.732999999999995
4.403999999999978
4.1289999999999925
4.24999999999996
4.099999999999967
3.8999999999999915
4.768999999999962
3.9470000000000027
3.748999999999969
4.51399999999998
4.823999999999967
3.910999999999975
3.8540000000000028
4.133999999999967
4.329999999999991
3.961999999999996
3.7969999999999873
3.7399999999999918
3.4010000000000025
4.258999999999984
3.6559999999999957
2.958000000000002
4.390999999999961
4.304999999999982
4.10999999999998
3.9899999999999722
4.601999999999964
4.264999999999993
4.350999999999993
3.813999999999984
4.231999999999985
4.129999999999967
2.974999999999984
4.509999999999977
4.498999999999972
4.616999999999969
3.841000000000003
3.3509999999999787
3.0550000000000024
4.605999999999968
3.7799999999999683
2.9910000000000028
2.8790000000000022
3.583999999999981
4.84599999999998
4.431999999999974
3.8799999999999844
4.065999999999996
3.695999999999984
3.8910000000000027
3.673000000000003
4.476999999999977
3.1110000000000024
3.5669999999999913
4.3209999999999615
3.6659999999999786
4.074999999999991
4.377999999999985
3.4249999999999847
3.632999999999992
4.457999999999969
3.770999999999984
3.4930000000000025
4.021999999999992
3.1680000000000024
4.702999999999973
3.633999999999981
2.7390000000000017
4.309999999999992
3.4310000000000027
3.840999999999981
3.666999999999999
4.956999999999971
3.9089999999999843
4.544999999999992
4.3639999999999795
3.876999999999994
4.542999999999978
4.189999999999992
4.733999999999985
3.813999999999979
4.497999999999974
3.670999999999979
3.2620000000000022
2.719000000000002
4.4619999999999855
4.001999999999991
3.9659999999999873
4.013999999999979
4.495999999999985
4.231999999999978
4.972999999999965
4.442999999999973
3.5469999999999846
4.39899999999998
4.094999999999981
4.523999999999978
3.974999999999985
2.2220000000000018
4.493999999999993
3.101000000000002
4.444999999999991
3.511999999999981
3.871999999999996
3.8669999999999938
4.604999999999956
4.451999999999993
3.7330000000000028
3.9199999999999924
3.0020000000000024
3.0680000000000023
4.2379999999999916
3.305999999999995
2.9250000000000025
5.117999999999962
3.881999999999992
3.415999999999999
3.8889999999999794
3.5759999999999845
3.841999999999981
3.615000000000003
4.486999999999967
5.021999999999964
4.71099999999998
3.688999999999991
4.713999999999974
3.809000000000003
3.7909999999999995
4.302999999999985
3.1380000000000026
3.796000000000003
4.857999999999969
3.065000000000002
3.988999999999979
2.8740000000000023
4.403999999999968
4.65799999999998
4.054000000000003
3.3599999999999923
2.4860000000000015
2.0690000000000013
4.209999999999985
4.3109999999999715
4.47099999999998
3.896999999999979
4.771999999999962
3.871999999999992
3.6689999999999956
3.7879999999999963
3.768999999999992
4.6579999999999675
4.645999999999985
3.9929999999999795
3.3370000000000024
3.699999999999984
4.682999999999967
3.2650000000000023
3.7279999999999913
4.6199999999999495
2.9939999999999913
3.4780000000000024
3.7459999999999916
4.246999999999996
3.780999999999981
4.5929999999999795
3.422000000000003
4.883999999999969
4.121999999999974
4.5999999999999694
4.839999999999987
5.010999999999978
3.912000000000003
3.859000000000003
2.3399999999999976
4.231999999999999
4.587999999999993
4.504999999999963
2.791000000000002
3.728000000000003
3.9039999999999684
2.877000000000002
3.458999999999992
4.213999999999975
3.508999999999991
3.811999999999996
3.573999999999996
3.2560000000000024
4.37099999999997
4.73499999999998
4.4669999999999614
5.218999999999969
3.9169999999999847
3.046000000000002
3.4650000000000025
3.8889999999999847
4.095999999999992
4.626999999999969
3.500999999999991
4.034999999999961
3.846000000000003
3.732999999999991
4.225999999999981
4.085999999999979
3.21899999999999
3.564999999999995
3.4359999999999844
4.409999999999968
3.3540000000000023
5.200999999999944
4.366999999999978
3.5700000000000025
3.4300000000000024
4.043999999999987
4.365999999999967
4.66699999999998
4.114999999999985
4.02799999999998
4.221999999999996
4.331999999999985
4.60899999999998
4.229999999999979
3.8159999999999923
3.8159999999999923
2.9500000000000024
3.5500000000000025
3.9929999999999772
4.986999999999948
4.309999999999985
4.664999999999962
2.7390000000000017
3.644999999999991
4.0009999999999675
4.371999999999999
3.4499999999999957
3.2599999999999865
3.227000000000002
4.392999999999985
5.35799999999994
3.3260000000000027
3.5419999999999976
4.191999999999985
4.048000000000003
3.9459999999999846
3.092999999999991
3.4909999999999988
3.9499999999999633
3.2859999999999987
3.858999999999991
4.359999999999987
4.430999999999981
4.362999999999978
4.823999999999961
4.495999999999994
2.730000000000002
4.3959999999999715
4.116999999999979
3.5629999999999913
3.4349999999999907
2.841000000000002
3.4660000000000024
3.31899999999999
3.3190000000000026
3.784000000000003
3.850000000000003
3.727999999999984
4.081000000000003
2.4360000000000017
3.9449999999999923
3.3589999999999955
3.866999999999985
4.877999999999981
3.3089999999999917
3.8879999999999724
4.51599999999996
4.45299999999998
4.533999999999979
3.739999999999999
3.3939999999999952
3.5969999999999795
3.835999999999984
2.632000000000002
3.5180000000000025
4.64099999999996
4.446000000000003
4.077999999999967
3.2459999999999916
3.4959999999999956
3.903999999999979
3.8589999999999955
3.9849999999999812
4.732999999999976
4.516999999999975
3.9179999999999793
4.170999999999996
3.3920000000000026
3.3140000000000027
3.536999999999992
4.094999999999969
4.52
3.8689999999999842
3.950999999999979
5.000999999999969
3.010000000000002
2.8750000000000018
4.806999999999964
3.481999999999999
4.319999999999991
4.8949999999999605
3.775999999999996
3.646999999999992
4.353999999999974
4.902999999999961
2.668000000000002
3.315999999999992
4.514000000000003
3.3309999999999973
3.3220000000000023
2.922000000000002
3.978999999999992
3.1610000000000023
3.642999999999979
3.4930000000000025
3.8439999999999923
3.7709999999999915
4.464999999999974
4.162999999999972
3.301000000000003
4.27699999999998
3.0240000000000022
2.820000000000002
4.285999999999963
4.649999999999978
3.765999999999985
3.5830000000000024
3.992999999999985
4.000999999999985
3.2069999999999905
3.870999999999992
2.560000000000002
3.232999999999992
3.684999999999985
3.2470000000000026
4.271999999999985
3.428999999999991
4.513999999999992
3.276999999999979
3.578999999999981
3.4630000000000027
4.57099999999998
3.7499999999999987
3.912999999999979
4.143999999999985
3.7090000000000027
4.2669999999999915
3.3269999999999835
3.8739999999999846
3.4590000000000027
3.3519999999999954
3.2130000000000023
2.881000000000002
4.239999999999992
4.041999999999985
4.236999999999978
3.1480000000000024
3.5859999999999994
3.961999999999992
5.3119999999999585
3.588999999999981
4.218999999999988
4.258999999999977
3.9739999999999793
3.4750000000000023
3.8460000000000027
4.000999999999979
3.454999999999992
3.5449999999999906
4.362999999999982
4.865999999999973
4.146999999999979
3.621000000000003
4.2299999999999915
4.495999999999961
3.1280000000000023
3.773999999999985
3.9670000000000027
4.99199999999998
4.237999999999982
3.5300000000000025
3.848999999999999
3.3470000000000026
4.347999999999974
3.2970000000000024
3.2360000000000024
2.877000000000002
4.319999999999998
3.3760000000000026
4.3819999999999855
4.633999999999961
4.336999999999968
4.55799999999997
4.158999999999981
2.861000000000002
3.8080000000000025
4.213999999999987
4.61999999999998
3.196999999999984
4.436999999999982
3.7399999999999913
5.37399999999996
4.0409999999999915
3.4469999999999907
3.873999999999998
3.886999999999992
4.033999999999985
3.6719999999999917
3.9269999999999907
4.50099999999998
2.683000000000002
3.9079999999999906
3.4490000000000025
3.9629999999999876
3.4660000000000024
3.4200000000000026
4.076999999999993
4.011000000000003
3.782999999999992
4.283000000000003
3.5029999999999917
4.072999999999985
3.8039999999999847
4.742999999999963
4.901999999999978
2.9250000000000025
5.062999999999951
3.109000000000002
4.217999999999992
3.5310000000000024
3.899999999999972
4.674999999999978
3.8519999999999976
4.18099999999998
4.188999999999985
4.77
3.783999999999999
2.9829999999999783
4.527999999999978
4.493999999999993
4.446999999999998
4.382999999999967
2.7820000000000022
4.355999999999986
4.167999999999985
4.122999999999992
4.4189999999999925
3.938999999999992
3.0440000000000023
4.658999999999962
3.844999999999998
3.830999999999979
4.558999999999967
4.168000000000004
4.1119999999999814
3.6050000000000026
3.2250000000000023
3.745999999999992
